102516881521
67567703557
637020349183
708252937380
615594413437
500156261526
611495114668
195409629911
542054946430
510892104990
753690983574
372022966901
499378683226
954136446361
712777981
964032650090
699002434467
390767717634
725034677830
645227071682
473067951530
953313801980
669956150896
44007053120
308286060262
617690615763
90325771278
384867415325
266426607428
132117328357
894833669763
10709867689
205724843387
744360822954
63422700536
660865914777
308253192250
617562479885
470662634462
892003406787
552642124587
389333287937
960196856488
227784610892
29651719796
428396663118
284211075509
442987609548
764147054037
108337230029
255921745062
74143164378
281540517811
929506972496
819427537901
241439296439
734307730888
76716940650
138016418401
648617377819
340698961894
121673588317
726329367501
740365129713
364009372298
874088513025
879245701994
410430442285
348691114747
855498296301
489156907763
726170043878
699413819035
459289951859
504585176767
552757119742
164640642187
215755126730
49610408073
529039787084
432680467135
941480283578
677634942981
568775317072
517112518976
454735551080
730564843556
331841551712
522259787809
244817144563
598642108945
522344740807
440154900540
56267814621
782939580659
172783978244
152579450185
660544388659
403513896132
200085206749
